0 0.1296875 0.49609375 0.0359375 0.0796875
0 0.18125 0.528125 0.03046875 0.06875
0 0.20859375 0.54453125 0.02734375 0.06328125
0 0.234375 0.5578125 0.02890625 0.06484375
0 0.2875 0.5984375 0.0265625 0.06875
0 0.3140625 0.61171875 0.025 0.06328125
0 0.3390625 0.62890625 0.02734375 0.06171875
0 0.36484375 0.64453125 0.02734375 0.0671875
0 0.39140625 0.66015625 0.0296875 0.06875
0 0.58203125 0.61875 0.0265625 0.06015625
0 0.5984375 0.56875 0.02578125 0.05546875
0 0.61328125 0.5203125 0.02578125 0.053125
0 0.63046875 0.471875 0.0265625 0.06015625
0 0.64609375 0.42109375 0.02734375 0.0546875
0 0.6609375 0.36796875 0.03125 0.0546875
0 0.67890625 0.32109375 0.02421875 0.06015625