0 0.23125 0.7015625 0.4078125 0.3484375
0 0.7609375 0.65234375 0.38046875 0.36796875
0 0.6796875 0.54140625 0.27109375 0.24296875
0 0.3265625 0.56875 0.278125 0.2640625
0 0.375 0.4953125 0.21875 0.165625
0 0.4125 0.4546875 0.14375 0.14296875
0 0.43515625 0.41640625 0.1328125 0.1015625
0 0.45625 0.3859375 0.090625 0.0640625
0 0.5328125 0.36796875 0.0765625 0.04140625
0 0.4796875 0.34609375 0.05078125 0.03046875
0 0.61953125 0.440625 0.16640625 0.13046875
0 0.60703125 0.41484375 0.13125 0.109375
0 0.59375 0.3359375 0.0625 0.04296875
0 0.64765625 0.48203125 0.20546875 0.17578125